0 0.340656 0.542938 0.051359 0.061986
0 0.576258 0.483083 0.050875 0.052889
0 0.774734 0.870417 0.118641 0.148306
0 0.456187 0.604014 0.051344 0.077194
0 0.715336 0.513646 0.055375 0.059792
0 0.700340 0.598917 0.066695 0.071306
0 0.267227 0.587076 0.047422 0.076542
0 0.521508 0.653722 0.071312 0.110250
0 0.850840 0.694007 0.089523 0.083181
0 0.284801 0.690958 0.060633 0.132806
0 0.409402 0.675194 0.059086 0.113833
0 0.362504 0.435125 0.033117 0.026639
0 0.315742 0.422993 0.022734 0.025708
0 0.444660 0.461819 0.036867 0.035528
0 0.460207 0.447375 0.025055 0.030028
0 0.487734 0.428556 0.034844 0.034000
0 0.371734 0.409028 0.030313 0.026056
0 0.309832 0.404083 0.029508 0.023472
0 0.246969 0.409569 0.020859 0.023889
0 0.265445 0.397764 0.019531 0.018333
0 0.176777 0.394653 0.013539 0.013750
0 0.210480 0.403028 0.018508 0.023222
0 0.236172 0.520028 0.036734 0.053306
0 0.228953 0.451882 0.036922 0.035653
0 0.263555 0.482535 0.036016 0.036319
0 0.421660 0.542410 0.057711 0.064681
0 0.494977 0.544410 0.051828 0.063625
0 0.596859 0.462062 0.031062 0.033653
0 0.675230 0.959972 0.121867 0.080056
0 0.246949 0.907264 0.098727 0.153556
0 0.877773 0.645674 0.082687 0.071264
