0 0.328020 0.541375 0.038570 0.062972
0 0.293238 0.778486 0.072430 0.150000
0 0.737738 0.492535 0.051555 0.051847
0 0.748547 0.577972 0.070609 0.064361
0 0.544289 0.733528 0.073797 0.110306
0 0.301063 0.596229 0.042797 0.074347
0 0.897281 0.460250 0.070922 0.064389
0 0.913605 0.577306 0.082945 0.086500
0 0.508453 0.560153 0.054641 0.063167
0 0.292988 0.505833 0.037539 0.057500
0 0.251699 0.552146 0.041086 0.047347
0 0.322605 0.417250 0.040367 0.034167
0 0.331621 0.486187 0.038164 0.045708
0 0.372145 0.474500 0.037742 0.039167
0 0.196379 0.389257 0.020883 0.020736
0 0.213223 0.404090 0.019273 0.019292
0 0.259824 0.409139 0.029398 0.023028
0 0.263477 0.484875 0.031219 0.032861
0 0.261098 0.458118 0.033742 0.042569
0 0.290918 0.439326 0.039617 0.040819
0 0.403074 0.415187 0.033180 0.029875
0 0.431402 0.508111 0.046977 0.061639
0 0.430039 0.567646 0.034672 0.059986
0 0.387156 0.629458 0.079359 0.180278
0 0.734434 0.794938 0.117586 0.168264
