0 0.626020 0.499549 0.052102 0.053181
0 0.491508 0.462472 0.038531 0.040222
0 0.532348 0.674667 0.070008 0.105194
0 0.499820 0.556868 0.065250 0.073042
0 0.839027 0.618604 0.091758 0.080875
0 0.722699 0.548438 0.064523 0.070153
0 0.201047 0.399660 0.020703 0.019903
0 0.384496 0.425347 0.018617 0.022083
0 0.216684 0.399569 0.012867 0.020083
0 0.248277 0.433285 0.029367 0.026292
0 0.255219 0.457278 0.028250 0.032111
0 0.287750 0.405611 0.024891 0.025111
0 0.288227 0.592056 0.070203 0.156722
0 0.972938 0.724611 0.054125 0.095556
0 0.834852 0.555299 0.079609 0.066292
0 0.515902 0.442889 0.048305 0.043806
0 0.247477 0.520167 0.043547 0.078556
0 0.595457 0.528715 0.048258 0.060597
0 0.352109 0.468014 0.045312 0.061028
0 0.431477 0.423472 0.032625 0.030861
0 0.325141 0.418347 0.027922 0.027889
0 0.364621 0.436049 0.036961 0.035097
0 0.176367 0.393250 0.018828 0.013389
0 0.342871 0.543014 0.040086 0.067778
0 0.440617 0.581764 0.052109 0.067083
0 0.447813 0.457743 0.046500 0.048264
