0 0.663152 0.476292 0.043758 0.030861
0 0.840418 0.959729 0.047195 0.068264
0 0.936516 0.692208 0.085641 0.076556
0 0.979398 0.580125 0.041125 0.071694
0 0.610254 0.474090 0.050336 0.051625
0 0.596523 0.529813 0.038641 0.048931
0 0.929129 0.608486 0.083602 0.075306
0 0.676910 0.580743 0.062211 0.066819
0 0.522504 0.693181 0.066523 0.116250
0 0.682719 0.721694 0.086203 0.128083
0 0.811191 0.676153 0.085023 0.082917
0 0.397578 0.656118 0.068594 0.134431
0 0.445352 0.573403 0.049922 0.065833
0 0.283535 0.777292 0.076914 0.145972
0 0.545340 0.579785 0.070133 0.093764
0 0.285320 0.626729 0.045344 0.074236
0 0.274773 0.587410 0.040859 0.053875
0 0.329996 0.545514 0.042648 0.057861
0 0.340086 0.492118 0.039578 0.052764
0 0.345727 0.465806 0.037250 0.035028
0 0.391395 0.441944 0.030305 0.030806
0 0.377805 0.424819 0.021969 0.023861
0 0.377918 0.410382 0.020242 0.020014
0 0.445148 0.464271 0.033453 0.035403
0 0.471512 0.425299 0.042867 0.039458
0 0.498629 0.483319 0.045148 0.040417
0 0.536359 0.438674 0.038328 0.032708
0 0.312562 0.418431 0.025875 0.026028
0 0.236016 0.520375 0.037531 0.045611
0 0.200797 0.477090 0.032609 0.043542
0 0.239422 0.467688 0.035078 0.037625
0 0.216957 0.438215 0.027195 0.033625
0 0.189781 0.395687 0.015156 0.018042
0 0.171434 0.393583 0.012289 0.015611
0 0.236500 0.402694 0.027687 0.025389
0 0.264305 0.413167 0.022672 0.028056
0 0.263746 0.448681 0.039586 0.042083
0 0.677746 0.962146 0.108492 0.075708
0 0.280461 0.994632 0.075734 0.010736
