0 0.327523 0.539083 0.040891 0.063722
0 0.990824 0.642319 0.018023 0.057972
0 0.438078 0.582187 0.048578 0.062819
0 0.623305 0.679708 0.078016 0.101861
0 0.292566 0.503799 0.040148 0.049764
0 0.552844 0.472118 0.052297 0.055625
0 0.262273 0.898542 0.121719 0.191667
0 0.778332 0.642958 0.087617 0.117111
0 0.842543 0.615944 0.072773 0.069472
0 0.616543 0.497646 0.051570 0.059653
0 0.285625 0.625569 0.053938 0.103528
0 0.736105 0.518403 0.052773 0.050639
0 0.700043 0.537701 0.057023 0.058625
0 0.476270 0.632667 0.059898 0.081889
0 0.230922 0.466590 0.031969 0.033736
0 0.173996 0.376410 0.064102 0.067653
0 0.224648 0.407826 0.025172 0.019569
0 0.254293 0.400514 0.022508 0.021722
0 0.267184 0.414278 0.015852 0.015278
0 0.302215 0.405139 0.019117 0.015056
0 0.344387 0.420306 0.020211 0.017861
0 0.324480 0.447410 0.037758 0.034625
0 0.236383 0.435771 0.036062 0.036819
0 0.270242 0.435604 0.030734 0.028847
0 0.274109 0.461847 0.034594 0.034000
0 0.378359 0.511799 0.044422 0.057653
0 0.385203 0.482146 0.037109 0.040986
0 0.462242 0.517632 0.053984 0.059319
0 0.542559 0.581278 0.055289 0.073306
0 0.662445 0.468840 0.044672 0.036236
0 0.464059 0.449750 0.034117 0.031000
0 0.516449 0.433590 0.043680 0.031319
0 0.407172 0.447583 0.029047 0.030000
0 0.369984 0.440965 0.023109 0.028375
