0 0.196504 0.437667 0.017773 0.021444
0 0.225910 0.425111 0.024789 0.025139
0 0.217930 0.401347 0.029547 0.023889
0 0.733543 0.619889 0.069008 0.069222
0 0.774637 0.536306 0.051977 0.041278
0 0.560852 0.510090 0.048672 0.048569
0 0.289469 0.501903 0.037484 0.041806
0 0.227262 0.470313 0.069102 0.060264
0 0.745027 0.559569 0.055695 0.054778
0 0.396125 0.691528 0.059344 0.093444
0 0.240484 0.466326 0.041906 0.049708
0 0.502387 0.554028 0.049195 0.056472
0 0.267316 0.539250 0.040164 0.069194
0 0.620637 0.550562 0.052273 0.055542
0 0.651664 0.519035 0.051672 0.040819
0 0.866848 0.720812 0.096039 0.097514
0 0.453883 0.958903 0.121266 0.082194
0 0.662875 0.493667 0.046344 0.030333
0 0.509594 0.445368 0.111688 0.131847
0 0.428437 0.500917 0.043906 0.050972
0 0.438898 0.441514 0.033609 0.026389
0 0.364344 0.423347 0.014063 0.022639
0 0.346844 0.430361 0.031875 0.033611
0 0.367820 0.509437 0.046625 0.055514
