0 0.462691 0.949444 0.114289 0.095083
0 0.478305 0.609486 0.061547 0.086194
0 0.378285 0.617229 0.057773 0.094458
0 0.595520 0.460215 0.033273 0.033347
0 0.428617 0.435937 0.035453 0.037736
0 0.397348 0.446632 0.032523 0.027153
0 0.318855 0.405729 0.022289 0.016097
0 0.267660 0.408451 0.017570 0.017542
0 0.240625 0.409062 0.019141 0.018014
0 0.191469 0.397910 0.018094 0.016569
0 0.237957 0.531556 0.036773 0.044361
0 0.273844 0.486340 0.036609 0.040319
0 0.307699 0.467472 0.041477 0.040028
0 0.762918 0.406438 0.037430 0.043792
0 0.554301 0.463403 0.052023 0.048750
0 0.325828 0.423007 0.032719 0.023986
0 0.768801 0.568944 0.067367 0.067306
0 0.814422 0.519597 0.059906 0.057917
0 0.772852 0.652861 0.078312 0.090583
0 0.635223 0.557438 0.058961 0.051931
0 0.965617 0.707667 0.064375 0.065278
0 0.497332 0.481389 0.042758 0.038750
0 0.686523 0.742688 0.090188 0.116347
0 0.271941 0.832722 0.080508 0.161889
0 0.275813 0.707993 0.062688 0.101264
0 0.608117 0.889674 0.110719 0.182292
