0 0.238316 0.520903 0.037586 0.057083
0 0.639051 0.559576 0.039148 0.050625
0 0.307969 0.531521 0.042344 0.068875
0 0.830715 0.612056 0.071617 0.062139
0 0.985582 0.636264 0.028383 0.087583
0 0.340457 0.421069 0.031586 0.039028
0 0.874926 0.697778 0.079148 0.081972
0 0.853082 0.942514 0.107055 0.108250
0 0.180086 0.413181 0.014844 0.026250
0 0.596988 0.640792 0.069727 0.084972
0 0.433930 0.893257 0.099766 0.188125
0 0.189105 0.471021 0.018305 0.044069
0 0.194531 0.443042 0.017359 0.036639
0 0.569527 0.448278 0.035977 0.027889
0 0.564352 0.488729 0.046750 0.040347
0 0.344141 0.494521 0.039219 0.042653
0 0.294957 0.466090 0.041648 0.047458
0 0.253266 0.404785 0.029344 0.026181
0 0.231676 0.401028 0.018836 0.020583
0 0.190156 0.398333 0.022406 0.024056
0 0.423809 0.421535 0.037070 0.034458
0 0.663027 0.517674 0.051914 0.049375
0 0.380727 0.626062 0.048234 0.073514
0 0.274961 0.839493 0.083672 0.135764
0 0.506680 0.462083 0.040391 0.037778
