0 0.565293 0.478840 0.051898 0.052153
0 0.332496 0.536979 0.043039 0.062375
0 0.301055 0.650069 0.051656 0.093056
0 0.822063 0.558153 0.067281 0.052306
0 0.424316 0.565743 0.052336 0.078792
0 0.506926 0.424194 0.103352 0.081500
0 0.386984 0.427389 0.028844 0.023750
0 0.364523 0.410931 0.021016 0.020000
0 0.344094 0.432319 0.025625 0.026389
0 0.302414 0.421000 0.019609 0.018472
0 0.282633 0.402736 0.026453 0.022778
0 0.248703 0.402806 0.027344 0.022639
0 0.219391 0.394333 0.018250 0.020139
0 0.258871 0.546056 0.041852 0.098833
0 0.180773 0.396764 0.013984 0.016111
0 0.275797 0.489437 0.038609 0.044986
0 0.320781 0.479104 0.038609 0.034986
0 0.372125 0.509396 0.041906 0.048181
0 0.257406 0.946569 0.092641 0.105528
0 0.470566 0.972486 0.104336 0.055028
0 0.625719 0.865424 0.115125 0.168681
0 0.652480 0.440500 0.123586 0.085389
0 0.970195 0.601181 0.059609 0.068750
0 0.779891 0.654542 0.081656 0.072972
0 0.571441 0.521049 0.047898 0.044069
0 0.801875 0.506889 0.063594 0.047667
0 0.682031 0.497986 0.052500 0.045694
0 0.709766 0.552674 0.058281 0.060347
