0 0.657918 0.699174 0.088586 0.113542
0 0.443539 0.502944 0.049437 0.066778
0 0.174109 0.397104 0.013594 0.015875
0 0.188289 0.391500 0.015703 0.017361
0 0.703711 0.501458 0.055297 0.051528
0 0.869863 0.932493 0.141680 0.134181
0 0.351746 0.403931 0.023227 0.018806
0 0.369621 0.591417 0.046273 0.069222
0 0.425781 0.431451 0.024844 0.032375
0 0.399863 0.677847 0.058711 0.112639
0 0.545234 0.504097 0.042969 0.043750
0 0.308973 0.519792 0.039352 0.051806
0 0.921016 0.651597 0.094219 0.103472
0 0.646840 0.564806 0.056320 0.045944
0 0.629023 0.510549 0.049453 0.047597
0 0.765203 0.634299 0.072563 0.080014
0 0.597602 0.826569 0.094047 0.139778
0 0.238578 0.403299 0.021234 0.016958
0 0.295566 0.416271 0.028555 0.018292
0 0.352262 0.423840 0.020492 0.021792
0 0.406102 0.413854 0.030187 0.026708
0 0.239871 0.922590 0.099617 0.154819
0 0.662773 0.966826 0.111250 0.064542
0 0.971254 0.827771 0.056727 0.106569
0 0.549434 0.462271 0.033477 0.034264
0 0.530055 0.581257 0.053016 0.058431
0 0.374023 0.518090 0.040453 0.047875
0 0.379973 0.476111 0.040836 0.040528
0 0.330746 0.482910 0.036820 0.043431
0 0.256965 0.478125 0.034070 0.040083
0 0.200430 0.450153 0.021016 0.031250
0 0.249500 0.444278 0.033281 0.031806
0 0.261820 0.414833 0.019891 0.019028
0 0.217781 0.405944 0.018906 0.016250
0 0.498109 0.628722 0.066484 0.102194
0 0.467348 0.438743 0.040352 0.050375
