0 0.172555 0.393750 0.015078 0.020278
0 0.211805 0.398653 0.026641 0.019444
0 0.249656 0.396014 0.025781 0.017500
0 0.374289 0.439444 0.033828 0.027778
0 0.408508 0.434583 0.032109 0.026944
0 0.455047 0.517764 0.049672 0.056972
0 0.347078 0.490604 0.046672 0.053986
0 0.266293 0.484104 0.041430 0.052986
0 0.257859 0.548757 0.038797 0.048986
0 0.430094 0.936597 0.122437 0.123000
0 0.812523 0.928472 0.154703 0.143056
0 0.774500 0.422993 0.047609 0.044986
0 0.274297 0.600410 0.041562 0.071708
0 0.777828 0.557292 0.082000 0.085972
0 0.848391 0.556111 0.061766 0.062500
0 0.481016 0.435632 0.036563 0.031347
0 0.482812 0.467493 0.039375 0.037514
0 0.585363 0.525715 0.048648 0.042458
0 0.615766 0.470722 0.032844 0.034639
0 0.306184 0.413299 0.020102 0.019597
0 0.575605 0.480167 0.052039 0.051056
0 0.386320 0.626479 0.060344 0.094069
0 0.456922 0.587201 0.055906 0.070347
0 0.718422 0.604090 0.064609 0.080347
0 0.528711 0.726479 0.068359 0.103097
0 0.185133 0.389583 0.018359 0.013611
