0 0.383797 0.482424 0.042484 0.040958
0 0.614367 0.500681 0.048734 0.043333
0 0.621637 0.451042 0.045711 0.032556
0 0.632984 0.477910 0.047906 0.039403
0 0.970461 0.721125 0.059078 0.090333
0 0.429898 0.948743 0.117766 0.102514
0 0.227789 0.934576 0.106891 0.130847
0 0.323500 0.419819 0.029562 0.026833
0 0.825617 0.553174 0.072453 0.071042
0 0.765852 0.602361 0.068687 0.075500
0 0.559059 0.775174 0.082117 0.124764
0 0.835090 0.689382 0.090305 0.084542
0 0.502848 0.649896 0.069930 0.107847
0 0.555629 0.460847 0.035242 0.038972
0 0.216988 0.393868 0.010383 0.017069
0 0.199992 0.394569 0.025156 0.017639
0 0.272250 0.409458 0.029016 0.023778
0 0.306648 0.403896 0.024953 0.021653
0 0.484578 0.457076 0.033844 0.023903
0 0.282578 0.650486 0.051875 0.090972
0 0.322883 0.523958 0.045297 0.069583
0 0.245031 0.469451 0.037844 0.045958
0 0.347223 0.436167 0.029305 0.019639
0 0.390074 0.429583 0.030820 0.024722
0 0.460855 0.470500 0.037977 0.036222
0 0.262086 0.544132 0.041266 0.056514
0 0.314059 0.475153 0.040164 0.034139
